Domina Sokol

n = 52

d-optimalni

gap> LoadPackage("guava");
gap> pr:=Filtered([1..52],k->BoundsMinimumDistance(52,k,GF(2)).lowerBound<>BoundsMinimumDistance(52,k,GF(2)).upperBound);
[ 10, 11, 13, 14, 15, 16, 17, 18, 19, 20, 21, 22, 23, 24, 25, 26, 27, 28, 29, 30, 31, 32, 35, 36, 37, 40, 41 ]
gap> PROB:=Union(List(pr,k->List([BoundsMinimumDistance(52,k,GF(2)).lowerBound+1..BoundsMinimumDistance(52,k,GF(2)).upperBound],d->[52,k,d])));
[ [ 52, 10, 22 ], [ 52, 11, 21 ], [ 52, 13, 20 ], [ 52, 14, 19 ], [ 52, 15, 18 ], [ 52, 16, 17 ], [ 52, 16, 18 ], [ 52, 17, 17 ], [ 52, 17, 18 ], [ 52, 18, 16 ],
  [ 52, 19, 15 ], [ 52, 19, 16 ], [ 52, 20, 14 ], [ 52, 20, 15 ], [ 52, 20, 16 ], [ 52, 21, 13 ], [ 52, 21, 14 ], [ 52, 21, 15 ], [ 52, 22, 13 ], [ 52, 22, 14 ], [ 52, 23, 13 ], [ 52, 23, 14 ],
  [ 52, 24, 13 ], [ 52, 24, 14 ], [ 52, 25, 13 ], [ 52, 26, 11 ], [ 52, 26, 12 ], [ 52, 27, 11 ], [ 52, 27, 12 ], [ 52, 28, 11 ], [ 52, 28, 12 ], [ 52, 29, 10 ],
  [ 52, 29, 11 ], [ 52, 30, 9 ], [ 52, 30, 10 ], [ 52, 31, 9 ], [ 52, 31, 10 ], [ 52, 32, 9 ], [ 52, 35, 8 ], [ 52, 36, 7 ], [ 52, 36, 8 ], [ 52, 37, 7 ], [ 52, 40, 6 ], [ 52, 41, 5 ] ]
gap> DO:=List([1..52],k->[52,k,BoundsMinimumDistance(52,k,GF(2)).lowerBound]);
[ [ 52, 1, 52 ], [ 52, 2, 34 ], [ 52, 3, 29 ], [ 52, 4, 27 ], [ 52, 5, 26 ], [ 52, 6, 25 ], [ 52, 7, 24 ], [ 52, 8, 24 ], [ 52, 9, 22 ], [ 52, 10, 21 ],
  [ 52, 11, 20 ], [ 52, 12, 20 ], [ 52, 13, 19 ], [ 52, 14, 18 ], [ 52, 15, 17 ], [ 52, 16, 16 ], [ 52, 17, 16 ], [ 52, 18, 15 ], [ 52, 19, 14 ], [ 52, 20, 13 ], [ 52, 21, 12 ], [ 52, 22, 12 ],
  [ 52, 23, 12 ], [ 52, 24, 12 ], [ 52, 25, 12 ], [ 52, 26, 10 ], [ 52, 27, 10 ], [ 52, 28, 10 ], [ 52, 29, 9 ], [ 52, 30, 8 ], [ 52, 31, 8 ],
  [ 52, 32, 8 ], [ 52, 33, 8 ], [ 52, 34, 8 ], [ 52, 35, 7 ], [ 52, 36, 6 ], [ 52, 37, 6 ], [ 52, 38, 6 ], [ 52, 39, 6 ], [ 52, 40, 5 ], [ 52, 41, 4 ], [ 52, 42, 4 ], [ 52, 43, 4 ], [ 52, 44, 4 ],
  [ 52, 45, 4 ], [ 52, 46, 3 ], [ 52, 47, 2 ], [ 52, 48, 2 ], [ 52, 49, 2 ], [ 52, 50, 2 ], [ 52, 51, 2 ], [ 52, 52, 1 ] ]

k-optimalni

gap> KO:=[[52,52,1],[52,51,2]];
[ [ 52, 52, 1 ], [ 52, 51, 2 ] ]
gap> ko:=List([3..52],d->[52,LogInt(UpperBound(52,d,2),2),d]);
[ [ 52, 46, 3 ], [ 52, 45, 4 ], [ 52, 41, 5 ], [ 52, 40, 6 ], [ 52, 37, 7 ], [ 52, 36, 8 ], [ 52, 33, 9 ], [ 52, 32, 10 ], [ 52, 30, 11 ], [ 52, 29, 12 ],
  [ 52, 27, 13 ], [ 52, 26, 14 ], [ 52, 24, 15 ], [ 52, 23, 16 ], [ 52, 21, 17 ], [ 52, 20, 18 ], [ 52, 18, 19 ], [ 52, 17, 20 ], [ 52, 15, 21 ], [ 52, 14, 22 ], [ 52, 11, 23 ], [ 52, 10, 24 ],
  [ 52, 7, 25 ], [ 52, 6, 26 ], [ 52, 4, 27 ], [ 52, 3, 28 ], [ 52, 3, 29 ], [ 52, 2, 30 ], [ 52, 2, 31 ], [ 52, 2, 32 ], [ 52, 2, 33 ],
  [ 52, 2, 34 ], [ 52, 1, 35 ], [ 52, 1, 36 ], [ 52, 1, 37 ], [ 52, 1, 38 ], [ 52, 1, 39 ], [ 52, 1, 40 ], [ 52, 1, 41 ], [ 52, 1, 42 ], [ 52, 1, 43 ], [ 52, 1, 44 ], [ 52, 1, 45 ], [ 52, 1, 46 ],
  [ 52, 1, 47 ], [ 52, 1, 48 ], [ 52, 1, 49 ], [ 52, 1, 50 ], [ 52, 1, 51 ], [ 52, 1, 52 ] ]
gap> KO:=Union(KO,Intersection(ko,DO));
[ [ 52, 1, 52 ], [ 52, 2, 34 ], [ 52, 3, 29 ], [ 52, 4, 27 ], [ 52, 45, 4 ], [ 52, 46, 3 ], [ 52, 51, 2 ], [ 52, 52, 1 ] ]
[ [ 52, 1, 35 ], [ 52, 1, 36 ], [ 52, 1, 37 ], [ 52, 1, 38 ], [ 52, 1, 39 ], [ 52, 1, 40 ], [ 52, 1, 41 ], [ 52, 1, 42 ], [ 52, 1, 43 ], [ 52, 1, 44 ],
  [ 52, 1, 45 ], [ 52, 1, 46 ], [ 52, 1, 47 ], [ 52, 1, 48 ], [ 52, 1, 49 ], [ 52, 1, 50 ], [ 52, 1, 51 ], [ 52, 2, 30 ], [ 52, 2, 31 ], [ 52, 2, 32 ], [ 52, 2, 33 ], [ 52, 3, 28 ], [ 52, 6, 26 ],
  [ 52, 7, 25 ], [ 52, 10, 24 ], [ 52, 11, 23 ], [ 52, 14, 22 ], [ 52, 15, 21 ], [ 52, 17, 20 ], [ 52, 18, 19 ], [ 52, 20, 18 ], [ 52, 21, 17 ], [ 52, 23, 16 ],
  [ 52, 24, 15 ], [ 52, 26, 14 ], [ 52, 27, 13 ], [ 52, 29, 12 ], [ 52, 30, 11 ], [ 52, 32, 10 ], [ 52, 33, 9 ], [ 52, 36, 8 ], [ 52, 37, 7 ], [ 52, 40, 6 ], [ 52, 41, 5 ] ]
gap> KO:=Union(KO,Filtered(ko,x->x[2]=1));
[ [ 52, 1, 35 ], [ 52, 1, 36 ], [ 52, 1, 37 ], [ 52, 1, 38 ], [ 52, 1, 39 ], [ 52, 1, 40 ], [ 52, 1, 41 ], [ 52, 1, 42 ], [ 52, 1, 43 ], [ 52, 1, 44 ],
  [ 52, 1, 45 ], [ 52, 1, 46 ], [ 52, 1, 47 ], [ 52, 1, 48 ], [ 52, 1, 49 ], [ 52, 1, 50 ], [ 52, 1, 51 ], [ 52, 1, 52 ], [ 52, 2, 34 ], [ 52, 3, 29 ], [ 52, 4, 27 ], [ 52, 45, 4 ], [ 52, 46, 3 ],
  [ 52, 51, 2 ], [ 52, 52, 1 ] ]
gap> ko:=Filtered(ko,x->x[2]<>1);
[ [ 52, 2, 30 ], [ 52, 2, 31 ], [ 52, 2, 32 ], [ 52, 2, 33 ], [ 52, 3, 28 ], [ 52, 6, 26 ], [ 52, 7, 25 ], [ 52, 10, 24 ], [ 52, 11, 23 ], [ 52, 14, 22 ],
  [ 52, 15, 21 ], [ 52, 17, 20 ], [ 52, 18, 19 ], [ 52, 20, 18 ], [ 52, 21, 17 ], [ 52, 23, 16 ], [ 52, 24, 15 ], [ 52, 26, 14 ], [ 52, 27, 13 ], [ 52, 29, 12 ], [ 52, 30, 11 ], [ 52, 32, 10 ],
  [ 52, 33, 9 ], [ 52, 36, 8 ], [ 52, 37, 7 ], [ 52, 40, 6 ], [ 52, 41, 5 ] ]


k = 2

gap> ko2:=Filtered(ko,x->x[2]=2);
[ [ 52, 2, 30 ], [ 52, 2, 31 ], [ 52, 2, 32 ], [ 52, 2, 33 ] ]
gap> Filtered(DO,x->x[2]=2);
[ [ 52, 2, 34 ] ]
gap> KO:=Union(KO,ko2);
[ [ 52, 1, 35 ], [ 52, 1, 36 ], [ 52, 1, 37 ], [ 52, 1, 38 ], [ 52, 1, 39 ], [ 52, 1, 40 ], [ 52, 1, 41 ], [ 52, 1, 42 ], [ 52, 1, 43 ], [ 52, 1, 44 ],
  [ 52, 1, 45 ], [ 52, 1, 46 ], [ 52, 1, 47 ], [ 52, 1, 48 ], [ 52, 1, 49 ], [ 52, 1, 50 ], [ 52, 1, 51 ], [ 52, 1, 52 ], [ 52, 2, 30 ], [ 52, 2, 31 ], [ 52, 2, 32 ], [ 52, 2, 33 ], [ 52, 2, 34 ],
  [ 52, 3, 29 ], [ 52, 4, 27 ], [ 52, 45, 4 ], [ 52, 46, 3 ], [ 52, 51, 2 ], [ 52, 52, 1 ] ]
gap> ko:=Filtered(ko,x->x[2]<>2);
[ [ 52, 3, 28 ], [ 52, 6, 26 ], [ 52, 7, 25 ], [ 52, 10, 24 ], [ 52, 11, 23 ], [ 52, 14, 22 ], [ 52, 15, 21 ], [ 52, 17, 20 ], [ 52, 18, 19 ], [ 52, 20, 18 ],
  [ 52, 21, 17 ], [ 52, 23, 16 ], [ 52, 24, 15 ], [ 52, 26, 14 ], [ 52, 27, 13 ], [ 52, 29, 12 ], [ 52, 30, 11 ], [ 52, 32, 10 ], [ 52, 33, 9 ], [ 52, 36, 8 ], [ 52, 37, 7 ], [ 52, 40, 6 ], [ 52, 41, 5 ] ]

k = 3

gap> ko3:=Filtered(ko,x->x[2]=3);
[ [ 52, 3, 28 ] ]
gap> Filtered(DO,x->x[2]=3);
[ [ 52, 3, 29 ] ]
gap> KO:=Union(KO,ko3);
[ [ 52, 1, 35 ], [ 52, 1, 36 ], [ 52, 1, 37 ], [ 52, 1, 38 ], [ 52, 1, 39 ], [ 52, 1, 40 ], [ 52, 1, 41 ], [ 52, 1, 42 ], [ 52, 1, 43 ], [ 52, 1, 44 ],
  [ 52, 1, 45 ], [ 52, 1, 46 ], [ 52, 1, 47 ], [ 52, 1, 48 ], [ 52, 1, 49 ], [ 52, 1, 50 ], [ 52, 1, 51 ], [ 52, 1, 52 ], [ 52, 2, 30 ], [ 52, 2, 31 ], [ 52, 2, 32 ], [ 52, 2, 33 ], [ 52, 2, 34 ],
  [ 52, 3, 28 ], [ 52, 3, 29 ], [ 52, 4, 27 ], [ 52, 45, 4 ], [ 52, 46, 3 ], [ 52, 51, 2 ], [ 52, 52, 1 ] ]
gap> ko:=Filtered(ko,x->x[2]<>3);
[ [ 52, 6, 26 ], [ 52, 7, 25 ], [ 52, 10, 24 ], [ 52, 11, 23 ], [ 52, 14, 22 ], [ 52, 15, 21 ], [ 52, 17, 20 ], [ 52, 18, 19 ], [ 52, 20, 18 ], [ 52, 21, 17 ],
  [ 52, 23, 16 ], [ 52, 24, 15 ], [ 52, 26, 14 ], [ 52, 27, 13 ], [ 52, 29, 12 ], [ 52, 30, 11 ], [ 52, 32, 10 ], [ 52, 33, 9 ], [ 52, 36, 8 ], [ 52, 37, 7 ], [ 52, 40, 6 ], [ 52, 41, 5 ] ]


k = 6

gap> ko6:=Filtered(ko,x->x[2]=6);
[ [ 52, 6, 26 ] ]
gap> Filtered(DO,x->x[2]=6);
[ [ 52, 6, 25 ] ]

Moramo smanjiti k:

gap> Filtered(DO,x->x[2]=5);
[ [ 52, 5, 26 ] ]
gap> KO:=Union(KO,[[52,5,26]]);
[ [ 52, 1, 35 ], [ 52, 1, 36 ], [ 52, 1, 37 ], [ 52, 1, 38 ], [ 52, 1, 39 ], [ 52, 1, 40 ], [ 52, 1, 41 ], [ 52, 1, 42 ], [ 52, 1, 43 ], [ 52, 1, 44 ],
  [ 52, 1, 45 ], [ 52, 1, 46 ], [ 52, 1, 47 ], [ 52, 1, 48 ], [ 52, 1, 49 ], [ 52, 1, 50 ], [ 52, 1, 51 ], [ 52, 1, 52 ], [ 52, 2, 30 ], [ 52, 2, 31 ], [ 52, 2, 32 ], [ 52, 2, 33 ], [ 52, 2, 34 ],
  [ 52, 3, 28 ], [ 52, 3, 29 ], [ 52, 4, 27 ], [ 52, 5, 26 ], [ 52, 45, 4 ], [ 52, 46, 3 ], [ 52, 51, 2 ], [ 52, 52, 1 ] ]
gap> ko:=Filtered(ko,x->x[2]<>6);
[ [ 52, 7, 25 ], [ 52, 10, 24 ], [ 52, 11, 23 ], [ 52, 14, 22 ], [ 52, 15, 21 ], [ 52, 17, 20 ], [ 52, 18, 19 ], [ 52, 20, 18 ], [ 52, 21, 17 ], [ 52, 23, 16 ],
  [ 52, 24, 15 ], [ 52, 26, 14 ], [ 52, 27, 13 ], [ 52, 29, 12 ], [ 52, 30, 11 ], [ 52, 32, 10 ], [ 52, 33, 9 ], [ 52, 36, 8 ], [ 52, 37, 7 ], [ 52, 40, 6 ], [ 52, 41, 5 ] ]


k = 7gap> ko7:=Filtered(ko,x->x[2]=7);
[ [ 52, 7, 25 ] ]
gap> Filtered(DO,x->x[2]=7);
[ [ 52, 7, 24 ] ]
gap> Filtered(DO,x->x[2]=6);
[ [ 52, 6, 25 ] ]
gap> KO:=Union(KO,[[52,6,25]]);
[ [ 52, 1, 35 ], [ 52, 1, 36 ], [ 52, 1, 37 ], [ 52, 1, 38 ], [ 52, 1, 39 ], [ 52, 1, 40 ], [ 52, 1, 41 ], [ 52, 1, 42 ], [ 52, 1, 43 ], [ 52, 1, 44 ],
  [ 52, 1, 45 ], [ 52, 1, 46 ], [ 52, 1, 47 ], [ 52, 1, 48 ], [ 52, 1, 49 ], [ 52, 1, 50 ], [ 52, 1, 51 ], [ 52, 1, 52 ], [ 52, 2, 30 ], [ 52, 2, 31 ], [ 52, 2, 32 ], [ 52, 2, 33 ], [ 52, 2, 34 ],
  [ 52, 3, 28 ], [ 52, 3, 29 ], [ 52, 4, 27 ], [ 52, 5, 26 ], [ 52, 6, 25 ], [ 52, 45, 4 ], [ 52, 46, 3 ], [ 52, 51, 2 ], [ 52, 52, 1 ] ]
gap> ko:=Filtered(ko,x->x[2]<>7);
[ [ 52, 10, 24 ], [ 52, 11, 23 ], [ 52, 14, 22 ], [ 52, 15, 21 ], [ 52, 17, 20 ], [ 52, 18, 19 ], [ 52, 20, 18 ], [ 52, 21, 17 ], [ 52, 23, 16 ], [ 52, 24, 15 ],
  [ 52, 26, 14 ], [ 52, 27, 13 ], [ 52, 29, 12 ], [ 52, 30, 11 ], [ 52, 32, 10 ], [ 52, 33, 9 ], [ 52, 36, 8 ], [ 52, 37, 7 ], [ 52, 40, 6 ], [ 52, 41, 5 ] ]


k = 10

gap> ko10:=Filtered(ko,x->x[2]=10);
[ [ 52, 10, 24 ] ]
gap> Filtered(DO,x->x[2]=10);
[ [ 52, 10, 21 ] ]
gap> Filtered(DO,x->x[2]=9);
[ [ 52, 9, 22 ] ]
gap> Filtered(DO,x->x[2]=8);
[ [ 52, 8, 24 ] ]
gap> KO:=Union(KO,[[52,8,24]]);
[ [ 52, 1, 35 ], [ 52, 1, 36 ], [ 52, 1, 37 ], [ 52, 1, 38 ], [ 52, 1, 39 ], [ 52, 1, 40 ], [ 52, 1, 41 ], [ 52, 1, 42 ], [ 52, 1, 43 ], [ 52, 1, 44 ],
  [ 52, 1, 45 ], [ 52, 1, 46 ], [ 52, 1, 47 ], [ 52, 1, 48 ], [ 52, 1, 49 ], [ 52, 1, 50 ], [ 52, 1, 51 ], [ 52, 1, 52 ], [ 52, 2, 30 ], [ 52, 2, 31 ], [ 52, 2, 32 ], [ 52, 2, 33 ], [ 52, 2, 34 ],
  [ 52, 3, 28 ], [ 52, 3, 29 ], [ 52, 4, 27 ], [ 52, 5, 26 ], [ 52, 6, 25 ], [ 52, 8, 24 ], [ 52, 45, 4 ], [ 52, 46, 3 ], [ 52, 51, 2 ], [ 52, 52, 1 ] ]
gap> ko:=Filtered(ko,x->x[2]<>10);
[ [ 52, 11, 23 ], [ 52, 14, 22 ], [ 52, 15, 21 ], [ 52, 17, 20 ], [ 52, 18, 19 ], [ 52, 20, 18 ], [ 52, 21, 17 ], [ 52, 23, 16 ], [ 52, 24, 15 ], [ 52, 26, 14 ],
  [ 52, 27, 13 ], [ 52, 29, 12 ], [ 52, 30, 11 ], [ 52, 32, 10 ], [ 52, 33, 9 ], [ 52, 36, 8 ], [ 52, 37, 7 ], [ 52, 40, 6 ], [ 52, 41, 5 ] ]


k = 11

gap> ko11:=Filtered(ko,x->x[2]=11);
[ [ 52, 11, 23 ] ]
gap> Filtered(DO,x->x[2]=11);
[ [ 52, 11, 20 ] ]
gap> Filtered(DO,x->x[2]=10);
[ [ 52, 10, 21 ] ]
gap> Filtered(DO,x->x[2]=9);
[ [ 52, 9, 22 ] ]
gap> Filtered(DO,x->x[2]=8);
[ [ 52, 8, 24 ] ]
gap> KO:=Union(KO,[[52,8,24]]);
[ [ 52, 1, 35 ], [ 52, 1, 36 ], [ 52, 1, 37 ], [ 52, 1, 38 ], [ 52, 1, 39 ], [ 52, 1, 40 ], [ 52, 1, 41 ], [ 52, 1, 42 ], [ 52, 1, 43 ], [ 52, 1, 44 ],
  [ 52, 1, 45 ], [ 52, 1, 46 ], [ 52, 1, 47 ], [ 52, 1, 48 ], [ 52, 1, 49 ], [ 52, 1, 50 ], [ 52, 1, 51 ], [ 52, 1, 52 ], [ 52, 2, 30 ], [ 52, 2, 31 ], [ 52, 2, 32 ], [ 52, 2, 33 ], [ 52, 2, 34 ],
  [ 52, 3, 28 ], [ 52, 3, 29 ], [ 52, 4, 27 ], [ 52, 5, 26 ], [ 52, 6, 25 ], [ 52, 8, 24 ], [ 52, 45, 4 ], [ 52, 46, 3 ], [ 52, 51, 2 ], [ 52, 52, 1 ] ]
gap> ko:=Filtered(ko,x->x[2]<>11);
[ [ 52, 14, 22 ], [ 52, 15, 21 ], [ 52, 17, 20 ], [ 52, 18, 19 ], [ 52, 20, 18 ], [ 52, 21, 17 ], [ 52, 23, 16 ], [ 52, 24, 15 ], [ 52, 26, 14 ], [ 52, 27, 13 ],
  [ 52, 29, 12 ], [ 52, 30, 11 ], [ 52, 32, 10 ], [ 52, 33, 9 ], [ 52, 36, 8 ], [ 52, 37, 7 ], [ 52, 40, 6 ], [ 52, 41, 5 ] ]


k = 14

gap> ko14:=Filtered(ko,x->x[2]=14);
[ [ 52, 14, 22 ] ]
gap> Filtered(DO,x->x[2]=14);
[ [ 52, 14, 18 ] ]
gap> Filtered(DO,x->x[2]=13);
[ [ 52, 13, 19 ] ]
gap> Filtered(DO,x->x[2]=12);
[ [ 52, 12, 20 ] ]
gap> Filtered(DO,x->x[2]=11);
[ [ 52, 11, 20 ] ]
gap> Filtered(DO,x->x[2]=10);
[ [ 52, 10, 21 ] ]
gap> Filtered(DO,x->x[2]=9);
[ [ 52, 9, 22 ] ]
gap> KO:=Union(KO,[[52,9,22]]);
[ [ 52, 1, 35 ], [ 52, 1, 36 ], [ 52, 1, 37 ], [ 52, 1, 38 ], [ 52, 1, 39 ], [ 52, 1, 40 ], [ 52, 1, 41 ], [ 52, 1, 42 ], [ 52, 1, 43 ], [ 52, 1, 44 ],
  [ 52, 1, 45 ], [ 52, 1, 46 ], [ 52, 1, 47 ], [ 52, 1, 48 ], [ 52, 1, 49 ], [ 52, 1, 50 ], [ 52, 1, 51 ], [ 52, 1, 52 ], [ 52, 2, 30 ], [ 52, 2, 31 ], [ 52, 2, 32 ], [ 52, 2, 33 ], [ 52, 2, 34 ],
  [ 52, 3, 28 ], [ 52, 3, 29 ], [ 52, 4, 27 ], [ 52, 5, 26 ], [ 52, 6, 25 ], [ 52, 8, 24 ], [ 52, 9, 22 ], [ 52, 45, 4 ], [ 52, 46, 3 ], [ 52, 51, 2 ], [ 52, 52, 1 ] ]
gap> ko:=Filtered(ko,x->x[2]<>14);
[ [ 52, 15, 21 ], [ 52, 17, 20 ], [ 52, 18, 19 ], [ 52, 20, 18 ], [ 52, 21, 17 ], [ 52, 23, 16 ], [ 52, 24, 15 ], [ 52, 26, 14 ], [ 52, 27, 13 ], [ 52, 29, 12 ],
  [ 52, 30, 11 ], [ 52, 32, 10 ], [ 52, 33, 9 ], [ 52, 36, 8 ], [ 52, 37, 7 ], [ 52, 40, 6 ], [ 52, 41, 5 ] ]


k = 15

gap> ko15:=Filtered(ko,x->x[2]=15);
[ [ 52, 15, 21 ] ]
gap> Filtered(DO,x->x[2]=15);
[ [ 52, 15, 17 ] ]
gap> Filtered(DO,x->x[2]=14);
[ [ 52, 14, 18 ] ]
gap> Filtered(DO,x->x[2]=13);
[ [ 52, 13, 19 ] ]
gap> Filtered(DO,x->x[2]=12);
[ [ 52, 12, 20 ] ]
gap> Filtered(DO,x->x[2]=11);
[ [ 52, 11, 20 ] ]
gap> Filtered(DO,x->x[2]=10);
[ [ 52, 10, 21 ] ]
gap> KO:=Union(KO,[[52,10,21]]);
[ [ 52, 1, 35 ], [ 52, 1, 36 ], [ 52, 1, 37 ], [ 52, 1, 38 ], [ 52, 1, 39 ], [ 52, 1, 40 ], [ 52, 1, 41 ], [ 52, 1, 42 ], [ 52, 1, 43 ], [ 52, 1, 44 ],
  [ 52, 1, 45 ], [ 52, 1, 46 ], [ 52, 1, 47 ], [ 52, 1, 48 ], [ 52, 1, 49 ], [ 52, 1, 50 ], [ 52, 1, 51 ], [ 52, 1, 52 ], [ 52, 2, 30 ], [ 52, 2, 31 ], [ 52, 2, 32 ], [ 52, 2, 33 ], [ 52, 2, 34 ],
  [ 52, 3, 28 ], [ 52, 3, 29 ], [ 52, 4, 27 ], [ 52, 5, 26 ], [ 52, 6, 25 ], [ 52, 8, 24 ], [ 52, 9, 22 ], [ 52, 10, 21 ], [ 52, 45, 4 ], [ 52, 46, 3 ], [ 52, 51, 2 ], [ 52, 52, 1 ] ]
gap> ko:=Filtered(ko,x->x[2]<>15);
[ [ 52, 17, 20 ], [ 52, 18, 19 ], [ 52, 20, 18 ], [ 52, 21, 17 ], [ 52, 23, 16 ], [ 52, 24, 15 ], [ 52, 26, 14 ], [ 52, 27, 13 ], [ 52, 29, 12 ], [ 52, 30, 11 ],
  [ 52, 32, 10 ], [ 52, 33, 9 ], [ 52, 36, 8 ], [ 52, 37, 7 ], [ 52, 40, 6 ], [ 52, 41, 5 ] ]


k = 17

gap> ko17:=Filtered(ko,x->x[2]=17);
[ [ 52, 17, 20 ] ]
gap> Filtered(DO,x->x[2]=17);
[ [ 52, 17, 16 ] ]
gap> Filtered(DO,x->x[2]=16);
[ [ 52, 16, 16 ] ]
gap> Filtered(DO,x->x[2]=15);
[ [ 52, 15, 17 ] ]
gap> Filtered(DO,x->x[2]=14);
[ [ 52, 14, 18 ] ]
gap> Filtered(DO,x->x[2]=13);
[ [ 52, 13, 19 ] ]
gap> Filtered(DO,x->x[2]=12);
[ [ 52, 12, 20 ] ]
gap> KO:=Union(KO,[[52,12,20]]);
[ [ 52, 1, 35 ], [ 52, 1, 36 ], [ 52, 1, 37 ], [ 52, 1, 38 ], [ 52, 1, 39 ], [ 52, 1, 40 ], [ 52, 1, 41 ], [ 52, 1, 42 ], [ 52, 1, 43 ], [ 52, 1, 44 ],
  [ 52, 1, 45 ], [ 52, 1, 46 ], [ 52, 1, 47 ], [ 52, 1, 48 ], [ 52, 1, 49 ], [ 52, 1, 50 ], [ 52, 1, 51 ], [ 52, 1, 52 ], [ 52, 2, 30 ], [ 52, 2, 31 ], [ 52, 2, 32 ], [ 52, 2, 33 ], [ 52, 2, 34 ],
  [ 52, 3, 28 ], [ 52, 3, 29 ], [ 52, 4, 27 ], [ 52, 5, 26 ], [ 52, 6, 25 ], [ 52, 8, 24 ], [ 52, 9, 22 ], [ 52, 10, 21 ], [ 52, 12, 20 ], [ 52, 45, 4 ], [ 52, 46, 3 ], [ 52, 51, 2 ], [ 52, 52, 1 ] ]
gap> ko:=Filtered(ko,x->x[2]<>17);
[ [ 52, 18, 19 ], [ 52, 20, 18 ], [ 52, 21, 17 ], [ 52, 23, 16 ], [ 52, 24, 15 ], [ 52, 26, 14 ], [ 52, 27, 13 ], [ 52, 29, 12 ], [ 52, 30, 11 ], [ 52, 32, 10 ],
  [ 52, 33, 9 ], [ 52, 36, 8 ], [ 52, 37, 7 ], [ 52, 40, 6 ], [ 52, 41, 5 ] ]


k = 18

gap> ko18:=Filtered(ko,x->x[2]=18);
[ [ 52, 18, 19 ] ]
gap> Filtered(DO,x->x[2]=18);
[ [ 52, 18, 15 ] ]
gap> Filtered(DO,x->x[2]=17);
[ [ 52, 17, 16 ] ]
gap> Filtered(DO,x->x[2]=16);
[ [ 52, 16, 16 ] ]
gap> Filtered(DO,x->x[2]=15);
[ [ 52, 15, 17 ] ]
gap> Filtered(DO,x->x[2]=14);
[ [ 52, 14, 18 ] ]
gap> Filtered(DO,x->x[2]=13);
[ [ 52, 13, 19 ] ]
gap> KO:=Union(KO,[[52,13,19]]);
[ [ 52, 1, 35 ], [ 52, 1, 36 ], [ 52, 1, 37 ], [ 52, 1, 38 ], [ 52, 1, 39 ], [ 52, 1, 40 ], [ 52, 1, 41 ], [ 52, 1, 42 ], [ 52, 1, 43 ], [ 52, 1, 44 ],
  [ 52, 1, 45 ], [ 52, 1, 46 ], [ 52, 1, 47 ], [ 52, 1, 48 ], [ 52, 1, 49 ], [ 52, 1, 50 ], [ 52, 1, 51 ], [ 52, 1, 52 ], [ 52, 2, 30 ], [ 52, 2, 31 ], [ 52, 2, 32 ], [ 52, 2, 33 ], [ 52, 2, 34 ],
  [ 52, 3, 28 ], [ 52, 3, 29 ], [ 52, 4, 27 ], [ 52, 5, 26 ], [ 52, 6, 25 ], [ 52, 8, 24 ], [ 52, 9, 22 ], [ 52, 10, 21 ], [ 52, 12, 20 ], [ 52, 13, 19 ],
  [ 52, 45, 4 ], [ 52, 46, 3 ], [ 52, 51, 2 ], [ 52, 52, 1 ] ]
gap> ko:=Filtered(ko,x->x[2]<>18);
[ [ 52, 20, 18 ], [ 52, 21, 17 ], [ 52, 23, 16 ], [ 52, 24, 15 ], [ 52, 26, 14 ], [ 52, 27, 13 ], [ 52, 29, 12 ], [ 52, 30, 11 ], [ 52, 32, 10 ], [ 52, 33, 9 ],
  [ 52, 36, 8 ], [ 52, 37, 7 ], [ 52, 40, 6 ], [ 52, 41, 5 ] ]


k = 20

gap> ko20:=Filtered(ko,x->x[2]=20);
[ [ 52, 20, 18 ] ]
gap> Filtered(DO,x->x[2]=20);
[ [ 52, 20, 13 ] ]
gap> Filtered(DO,x->x[2]=19);
[ [ 52, 19, 14 ] ]
gap> Filtered(DO,x->x[2]=18);
[ [ 52, 18, 15 ] ]
gap> Filtered(DO,x->x[2]=17);
[ [ 52, 17, 16 ] ]
gap> Filtered(DO,x->x[2]=16);
[ [ 52, 16, 16 ] ]
gap> Filtered(DO,x->x[2]=15);
[ [ 52, 15, 17 ] ]
gap> Filtered(DO,x->x[2]=14);
[ [ 52, 14, 18 ] ]
gap> KO:=Union(KO,[[52,14,18]]);
[ [ 52, 1, 35 ], [ 52, 1, 36 ], [ 52, 1, 37 ], [ 52, 1, 38 ], [ 52, 1, 39 ], [ 52, 1, 40 ], [ 52, 1, 41 ], [ 52, 1, 42 ], [ 52, 1, 43 ], [ 52, 1, 44 ],
  [ 52, 1, 45 ], [ 52, 1, 46 ], [ 52, 1, 47 ], [ 52, 1, 48 ], [ 52, 1, 49 ], [ 52, 1, 50 ], [ 52, 1, 51 ], [ 52, 1, 52 ], [ 52, 2, 30 ], [ 52, 2, 31 ], [ 52, 2, 32 ], [ 52, 2, 33 ], [ 52, 2, 34 ],
  [ 52, 3, 28 ], [ 52, 3, 29 ], [ 52, 4, 27 ], [ 52, 5, 26 ], [ 52, 6, 25 ], [ 52, 8, 24 ], [ 52, 9, 22 ], [ 52, 10, 21 ], [ 52, 12, 20 ], [ 52, 13, 19 ],
  [ 52, 14, 18 ], [ 52, 45, 4 ], [ 52, 46, 3 ], [ 52, 51, 2 ], [ 52, 52, 1 ] ]
gap> ko:=Filtered(ko,x->x[2]<>20);
[ [ 52, 21, 17 ], [ 52, 23, 16 ], [ 52, 24, 15 ], [ 52, 26, 14 ], [ 52, 27, 13 ], [ 52, 29, 12 ], [ 52, 30, 11 ], [ 52, 32, 10 ], [ 52, 33, 9 ], [ 52, 36, 8 ], [ 52, 37, 7 ], [ 52, 40, 6 ], [ 52, 41, 5 ] ]


k = 21

gap> ko21:=Filtered(ko,x->x[2]=21);
[ [ 52, 21, 17 ] ]
gap> Filtered(DO,x->x[2]=21);
[ [ 52, 21, 12 ] ]
gap> Filtered(DO,x->x[2]=20);
[ [ 52, 20, 13 ] ]
gap> Filtered(DO,x->x[2]=19);
[ [ 52, 19, 14 ] ]
gap> Filtered(DO,x->x[2]=18);
[ [ 52, 18, 15 ] ]
gap> Filtered(DO,x->x[2]=17);
[ [ 52, 17, 16 ] ]
gap> Filtered(DO,x->x[2]=16);
[ [ 52, 16, 16 ] ]
gap> Filtered(DO,x->x[2]=15);
[ [ 52, 15, 17 ] ]
gap> KO:=Union(KO,[[52,15,17]]);
[ [ 52, 1, 35 ], [ 52, 1, 36 ], [ 52, 1, 37 ], [ 52, 1, 38 ], [ 52, 1, 39 ], [ 52, 1, 40 ], [ 52, 1, 41 ], [ 52, 1, 42 ], [ 52, 1, 43 ], [ 52, 1, 44 ],
  [ 52, 1, 45 ], [ 52, 1, 46 ], [ 52, 1, 47 ], [ 52, 1, 48 ], [ 52, 1, 49 ], [ 52, 1, 50 ], [ 52, 1, 51 ], [ 52, 1, 52 ], [ 52, 2, 30 ], [ 52, 2, 31 ], [ 52, 2, 32 ], [ 52, 2, 33 ], [ 52, 2, 34 ],
  [ 52, 3, 28 ], [ 52, 3, 29 ], [ 52, 4, 27 ], [ 52, 5, 26 ], [ 52, 6, 25 ], [ 52, 8, 24 ], [ 52, 9, 22 ], [ 52, 10, 21 ], [ 52, 12, 20 ], [ 52, 13, 19 ],
  [ 52, 14, 18 ], [ 52, 15, 17 ], [ 52, 45, 4 ], [ 52, 46, 3 ], [ 52, 51, 2 ], [ 52, 52, 1 ] ]
gap> ko:=Filtered(ko,x->x[2]<>21);
[ [ 52, 23, 16 ], [ 52, 24, 15 ], [ 52, 26, 14 ], [ 52, 27, 13 ], [ 52, 29, 12 ], [ 52, 30, 11 ], [ 52, 32, 10 ], [ 52, 33, 9 ], [ 52, 36, 8 ], [ 52, 37, 7 ], [ 52, 40, 6 ], [ 52, 41, 5 ] ]


k = 23

gap> ko23:=Filtered(ko,x->x[2]=23);
[ [ 52, 23, 16 ] ]
gap> Filtered(DO,x->x[2]=23);
[ [ 52, 23, 12 ] ]
gap> Filtered(DO,x->x[2]=22);
[ [ 52, 22, 12 ] ]
gap> Filtered(DO,x->x[2]=21);
[ [ 52, 21, 12 ] ]
gap> Filtered(DO,x->x[2]=20);
[ [ 52, 20, 13 ] ]
gap> Filtered(DO,x->x[2]=19);
[ [ 52, 19, 14 ] ]
gap> Filtered(DO,x->x[2]=18);
[ [ 52, 18, 15 ] ]
gap> Filtered(DO,x->x[2]=17);
[ [ 52, 17, 16 ] ]
gap> KO:=Union(KO,[[52,17,16]]);
[ [ 52, 1, 35 ], [ 52, 1, 36 ], [ 52, 1, 37 ], [ 52, 1, 38 ], [ 52, 1, 39 ], [ 52, 1, 40 ], [ 52, 1, 41 ], [ 52, 1, 42 ], [ 52, 1, 43 ], [ 52, 1, 44 ],
  [ 52, 1, 45 ], [ 52, 1, 46 ], [ 52, 1, 47 ], [ 52, 1, 48 ], [ 52, 1, 49 ], [ 52, 1, 50 ], [ 52, 1, 51 ], [ 52, 1, 52 ], [ 52, 2, 30 ], [ 52, 2, 31 ], [ 52, 2, 32 ], [ 52, 2, 33 ], [ 52, 2, 34 ],
  [ 52, 3, 28 ], [ 52, 3, 29 ], [ 52, 4, 27 ], [ 52, 5, 26 ], [ 52, 6, 25 ], [ 52, 8, 24 ], [ 52, 9, 22 ], [ 52, 10, 21 ], [ 52, 12, 20 ], [ 52, 13, 19 ],
  [ 52, 14, 18 ], [ 52, 15, 17 ], [ 52, 17, 16 ], [ 52, 45, 4 ], [ 52, 46, 3 ], [ 52, 51, 2 ], [ 52, 52, 1 ] ]
gap> ko:=Filtered(ko,x->x[2]<>23);
[ [ 52, 24, 15 ], [ 52, 26, 14 ], [ 52, 27, 13 ], [ 52, 29, 12 ], [ 52, 30, 11 ], [ 52, 32, 10 ], [ 52, 33, 9 ], [ 52, 36, 8 ], [ 52, 37, 7 ], [ 52, 40, 6 ], [ 52, 41, 5 ] ]


k = 24

gap> ko24:=Filtered(ko,x->x[2]=24);
[ [ 52, 24, 15 ] ]
gap> Filtered(DO,x->x[2]=24);
[ [ 52, 24, 12 ] ]
gap> Filtered(DO,x->x[2]=23);
[ [ 52, 23, 12 ] ]
gap> Filtered(DO,x->x[2]=22);
[ [ 52, 22, 12 ] ]
gap> Filtered(DO,x->x[2]=21);
[ [ 52, 21, 12 ] ]
gap> Filtered(DO,x->x[2]=20);
[ [ 52, 20, 13 ] ]
gap> Filtered(DO,x->x[2]=19);
[ [ 52, 19, 14 ] ]
gap> Filtered(DO,x->x[2]=18);
[ [ 52, 18, 15 ] ]
gap> KO:=Union(KO,[[52,18,15]]);
[ [ 52, 1, 35 ], [ 52, 1, 36 ], [ 52, 1, 37 ], [ 52, 1, 38 ], [ 52, 1, 39 ], [ 52, 1, 40 ], [ 52, 1, 41 ], [ 52, 1, 42 ], [ 52, 1, 43 ], [ 52, 1, 44 ],
  [ 52, 1, 45 ], [ 52, 1, 46 ], [ 52, 1, 47 ], [ 52, 1, 48 ], [ 52, 1, 49 ], [ 52, 1, 50 ], [ 52, 1, 51 ], [ 52, 1, 52 ], [ 52, 2, 30 ], [ 52, 2, 31 ], [ 52, 2, 32 ], [ 52, 2, 33 ], [ 52, 2, 34 ],
  [ 52, 3, 28 ], [ 52, 3, 29 ], [ 52, 4, 27 ], [ 52, 5, 26 ], [ 52, 6, 25 ], [ 52, 8, 24 ], [ 52, 9, 22 ], [ 52, 10, 21 ], [ 52, 12, 20 ], [ 52, 13, 19 ],
  [ 52, 14, 18 ], [ 52, 15, 17 ], [ 52, 17, 16 ], [ 52, 18, 15 ], [ 52, 45, 4 ], [ 52, 46, 3 ], [ 52, 51, 2 ], [ 52, 52, 1 ] ]
gap> ko:=Filtered(ko,x->x[2]<>24);
[ [ 52, 26, 14 ], [ 52, 27, 13 ], [ 52, 29, 12 ], [ 52, 30, 11 ], [ 52, 32, 10 ], [ 52, 33, 9 ], [ 52, 36, 8 ], [ 52, 37, 7 ], [ 52, 40, 6 ], [ 52, 41, 5 ] ]


k = 26

gap> ko26:=Filtered(ko,x->x[2]=26);
[ [ 52, 26, 14 ] ]
gap> Filtered(DO,x->x[2]=26);
[ [ 52, 26, 10 ] ]
gap> Filtered(DO,x->x[2]=25);
[ [ 52, 25, 12 ] ]
gap> Filtered(DO,x->x[2]=24);
[ [ 52, 24, 12 ] ]
gap> Filtered(DO,x->x[2]=23);
[ [ 52, 23, 12 ] ]
gap> Filtered(DO,x->x[2]=22);
[ [ 52, 22, 12 ] ]
gap> Filtered(DO,x->x[2]=21);
[ [ 52, 21, 12 ] ]
gap> Filtered(DO,x->x[2]=20);
[ [ 52, 20, 13 ] ]
gap> Filtered(DO,x->x[2]=19);
[ [ 52, 19, 14 ] ]
gap> KO:=Union(KO,[[52,19,14]]);
[ [ 52, 1, 35 ], [ 52, 1, 36 ], [ 52, 1, 37 ], [ 52, 1, 38 ], [ 52, 1, 39 ], [ 52, 1, 40 ], [ 52, 1, 41 ], [ 52, 1, 42 ], [ 52, 1, 43 ], [ 52, 1, 44 ],
  [ 52, 1, 45 ], [ 52, 1, 46 ], [ 52, 1, 47 ], [ 52, 1, 48 ], [ 52, 1, 49 ], [ 52, 1, 50 ], [ 52, 1, 51 ], [ 52, 1, 52 ], [ 52, 2, 30 ], [ 52, 2, 31 ], [ 52, 2, 32 ], [ 52, 2, 33 ], [ 52, 2, 34 ],
  [ 52, 3, 28 ], [ 52, 3, 29 ], [ 52, 4, 27 ], [ 52, 5, 26 ], [ 52, 6, 25 ], [ 52, 8, 24 ], [ 52, 9, 22 ], [ 52, 10, 21 ], [ 52, 12, 20 ], [ 52, 13, 19 ],
  [ 52, 14, 18 ], [ 52, 15, 17 ], [ 52, 17, 16 ], [ 52, 18, 15 ], [ 52, 19, 14 ], [ 52, 45, 4 ], [ 52, 46, 3 ], [ 52, 51, 2 ], [ 52, 52, 1 ] ]
gap> ko:=Filtered(ko,x->x[2]<>26);
[ [ 52, 27, 13 ], [ 52, 29, 12 ], [ 52, 30, 11 ], [ 52, 32, 10 ], [ 52, 33, 9 ], [ 52, 36, 8 ], [ 52, 37, 7 ], [ 52, 40, 6 ], [ 52, 41, 5 ] ]


k = 27

gap> ko27:=Filtered(ko,x->x[2]=27);
[ [ 52, 27, 13 ] ]
gap> Filtered(DO,x->x[2]=27);
[ [ 52, 27, 10 ] ]
gap> Filtered(DO,x->x[2]=26);
[ [ 52, 26, 10 ] ]
gap> Filtered(DO,x->x[2]=25);
[ [ 52, 25, 12 ] ]
gap> Filtered(DO,x->x[2]=24);
[ [ 52, 24, 12 ] ]
gap> Filtered(DO,x->x[2]=23);
[ [ 52, 23, 12 ] ]
gap> Filtered(DO,x->x[2]=22);
[ [ 52, 22, 12 ] ]
gap> Filtered(DO,x->x[2]=21);
[ [ 52, 21, 12 ] ]
gap> Filtered(DO,x->x[2]=20);
[ [ 52, 20, 13 ] ]
gap> KO:=Union(KO,[[52,20,13]]);
[ [ 52, 1, 35 ], [ 52, 1, 36 ], [ 52, 1, 37 ], [ 52, 1, 38 ], [ 52, 1, 39 ], [ 52, 1, 40 ], [ 52, 1, 41 ], [ 52, 1, 42 ], [ 52, 1, 43 ], [ 52, 1, 44 ],
  [ 52, 1, 45 ], [ 52, 1, 46 ], [ 52, 1, 47 ], [ 52, 1, 48 ], [ 52, 1, 49 ], [ 52, 1, 50 ], [ 52, 1, 51 ], [ 52, 1, 52 ], [ 52, 2, 30 ], [ 52, 2, 31 ], [ 52, 2, 32 ], [ 52, 2, 33 ], [ 52, 2, 34 ],
  [ 52, 3, 28 ], [ 52, 3, 29 ], [ 52, 4, 27 ], [ 52, 5, 26 ], [ 52, 6, 25 ], [ 52, 8, 24 ], [ 52, 9, 22 ], [ 52, 10, 21 ], [ 52, 12, 20 ], [ 52, 13, 19 ],
  [ 52, 14, 18 ], [ 52, 15, 17 ], [ 52, 17, 16 ], [ 52, 18, 15 ], [ 52, 19, 14 ], [ 52, 20, 13 ], [ 52, 45, 4 ], [ 52, 46, 3 ], [ 52, 51, 2 ], [ 52, 52, 1 ] ]
gap> ko:=Filtered(ko,x->x[2]<>27);
[ [ 52, 29, 12 ], [ 52, 30, 11 ], [ 52, 32, 10 ], [ 52, 33, 9 ], [ 52, 36, 8 ], [ 52, 37, 7 ], [ 52, 40, 6 ], [ 52, 41, 5 ] ]

k = 29

gap> ko29:=Filtered(ko,x->x[2]=29);
[ [ 52, 29, 12 ] ]
gap> Filtered(DO,x->x[2]=29);
[ [ 52, 29, 9 ] ]
gap> Filtered(DO,x->x[2]=28);
[ [ 52, 28, 10 ] ]
gap> Filtered(DO,x->x[2]=27);
[ [ 52, 27, 10 ] ]
gap> Filtered(DO,x->x[2]=26);
[ [ 52, 26, 10 ] ]
gap> Filtered(DO,x->x[2]=25);
[ [ 52, 25, 12 ] ]
gap> KO:=Union(KO,[[52,25,12]]);
[ [ 52, 1, 35 ], [ 52, 1, 36 ], [ 52, 1, 37 ], [ 52, 1, 38 ], [ 52, 1, 39 ], [ 52, 1, 40 ], [ 52, 1, 41 ], [ 52, 1, 42 ], [ 52, 1, 43 ], [ 52, 1, 44 ],
  [ 52, 1, 45 ], [ 52, 1, 46 ], [ 52, 1, 47 ], [ 52, 1, 48 ], [ 52, 1, 49 ], [ 52, 1, 50 ], [ 52, 1, 51 ], [ 52, 1, 52 ], [ 52, 2, 30 ], [ 52, 2, 31 ], [ 52, 2, 32 ], [ 52, 2, 33 ], [ 52, 2, 34 ],
  [ 52, 3, 28 ], [ 52, 3, 29 ], [ 52, 4, 27 ], [ 52, 5, 26 ], [ 52, 6, 25 ], [ 52, 8, 24 ], [ 52, 9, 22 ], [ 52, 10, 21 ], [ 52, 12, 20 ], [ 52, 13, 19 ],
  [ 52, 14, 18 ], [ 52, 15, 17 ], [ 52, 17, 16 ], [ 52, 18, 15 ], [ 52, 19, 14 ], [ 52, 20, 13 ], [ 52, 25, 12 ], [ 52, 45, 4 ], [ 52, 46, 3 ], [ 52, 51, 2 ], [ 52, 52, 1 ] ]
gap> ko:=Filtered(ko,x->x[2]<>29);
[ [ 52, 30, 11 ], [ 52, 32, 10 ], [ 52, 33, 9 ], [ 52, 36, 8 ], [ 52, 37, 7 ], [ 52, 40, 6 ], [ 52, 41, 5 ] ]


k = 30

gap> ko30:=Filtered(ko,x->x[2]=30);
[ [ 52, 30, 11 ] ]
gap> Filtered(DO,x->x[2]=30);
[ [ 52, 30, 8 ] ]
gap> Filtered(DO,x->x[2]=29);
[ [ 52, 29, 9 ] ]
gap> Filtered(DO,x->x[2]=28);
[ [ 52, 28, 10 ] ]
gap> Filtered(DO,x->x[2]=27);
[ [ 52, 27, 10 ] ]
gap> Filtered(DO,x->x[2]=26);
[ [ 52, 26, 10 ] ]
gap> Filtered(DO,x->x[2]=25);
[ [ 52, 25, 12 ] ]
gap> KO:=Union(KO,[[52,25,12]]);
[ [ 52, 1, 35 ], [ 52, 1, 36 ], [ 52, 1, 37 ], [ 52, 1, 38 ], [ 52, 1, 39 ], [ 52, 1, 40 ], [ 52, 1, 41 ], [ 52, 1, 42 ], [ 52, 1, 43 ], [ 52, 1, 44 ],
  [ 52, 1, 45 ], [ 52, 1, 46 ], [ 52, 1, 47 ], [ 52, 1, 48 ], [ 52, 1, 49 ], [ 52, 1, 50 ], [ 52, 1, 51 ], [ 52, 1, 52 ], [ 52, 2, 30 ], [ 52, 2, 31 ], [ 52, 2, 32 ], [ 52, 2, 33 ], [ 52, 2, 34 ],
  [ 52, 3, 28 ], [ 52, 3, 29 ], [ 52, 4, 27 ], [ 52, 5, 26 ], [ 52, 6, 25 ], [ 52, 8, 24 ], [ 52, 9, 22 ], [ 52, 10, 21 ], [ 52, 12, 20 ], [ 52, 13, 19 ],
  [ 52, 14, 18 ], [ 52, 15, 17 ], [ 52, 17, 16 ], [ 52, 18, 15 ], [ 52, 19, 14 ], [ 52, 20, 13 ], [ 52, 25, 12 ], [ 52, 45, 4 ], [ 52, 46, 3 ], [ 52, 51, 2 ], [ 52, 52, 1 ] ]
gap> ko:=Filtered(ko,x->x[2]<>30);
[ [ 52, 32, 10 ], [ 52, 33, 9 ], [ 52, 36, 8 ], [ 52, 37, 7 ], [ 52, 40, 6 ], [ 52, 41, 5 ] ]


k = 32

gap> ko32:=Filtered(ko,x->x[2]=32);
[ [ 52, 32, 10 ] ]
gap> Filtered(DO,x->x[2]=32);
[ [ 52, 32, 8 ] ]
gap> Filtered(DO,x->x[2]=31);
[ [ 52, 31, 8 ] ]
gap> Filtered(DO,x->x[2]=30);
[ [ 52, 30, 8 ] ]
gap> Filtered(DO,x->x[2]=29);
[ [ 52, 29, 9 ] ]
gap> Filtered(DO,x->x[2]=28);
[ [ 52, 28, 10 ] ]
gap> KO:=Union(KO,[[52,28,10]]);
[ [ 52, 1, 35 ], [ 52, 1, 36 ], [ 52, 1, 37 ], [ 52, 1, 38 ], [ 52, 1, 39 ], [ 52, 1, 40 ], [ 52, 1, 41 ], [ 52, 1, 42 ], [ 52, 1, 43 ], [ 52, 1, 44 ],
  [ 52, 1, 45 ], [ 52, 1, 46 ], [ 52, 1, 47 ], [ 52, 1, 48 ], [ 52, 1, 49 ], [ 52, 1, 50 ], [ 52, 1, 51 ], [ 52, 1, 52 ], [ 52, 2, 30 ], [ 52, 2, 31 ], [ 52, 2, 32 ], [ 52, 2, 33 ], [ 52, 2, 34 ],
  [ 52, 3, 28 ], [ 52, 3, 29 ], [ 52, 4, 27 ], [ 52, 5, 26 ], [ 52, 6, 25 ], [ 52, 8, 24 ], [ 52, 9, 22 ], [ 52, 10, 21 ], [ 52, 12, 20 ], [ 52, 13, 19 ],
  [ 52, 14, 18 ], [ 52, 15, 17 ], [ 52, 17, 16 ], [ 52, 18, 15 ], [ 52, 19, 14 ], [ 52, 20, 13 ], [ 52, 25, 12 ], [ 52, 28, 10 ], [ 52, 45, 4 ], [ 52, 46, 3 ], [ 52, 51, 2 ], [ 52, 52, 1 ] ]
gap> ko:=Filtered(ko,x->x[2]<>32);
[ [ 52, 33, 9 ], [ 52, 36, 8 ], [ 52, 37, 7 ], [ 52, 40, 6 ], [ 52, 41, 5 ] ]


k = 33

gap> ko33:=Filtered(ko,x->x[2]=33);
[ [ 52, 33, 9 ] ]
gap> Filtered(DO,x->x[2]=33);
[ [ 52, 33, 8 ] ]
gap> Filtered(DO,x->x[2]=32);
[ [ 52, 32, 8 ] ]
gap> Filtered(DO,x->x[2]=31);
[ [ 52, 31, 8 ] ]
gap> Filtered(DO,x->x[2]=30);
[ [ 52, 30, 8 ] ]
gap> Filtered(DO,x->x[2]=29);
[ [ 52, 29, 9 ] ]
gap> KO:=Union(KO,[[52,29,9]]);
[ [ 52, 1, 35 ], [ 52, 1, 36 ], [ 52, 1, 37 ], [ 52, 1, 38 ], [ 52, 1, 39 ], [ 52, 1, 40 ], [ 52, 1, 41 ], [ 52, 1, 42 ], [ 52, 1, 43 ], [ 52, 1, 44 ],
  [ 52, 1, 45 ], [ 52, 1, 46 ], [ 52, 1, 47 ], [ 52, 1, 48 ], [ 52, 1, 49 ], [ 52, 1, 50 ], [ 52, 1, 51 ], [ 52, 1, 52 ], [ 52, 2, 30 ], [ 52, 2, 31 ], [ 52, 2, 32 ], [ 52, 2, 33 ], [ 52, 2, 34 ],
  [ 52, 3, 28 ], [ 52, 3, 29 ], [ 52, 4, 27 ], [ 52, 5, 26 ], [ 52, 6, 25 ], [ 52, 8, 24 ], [ 52, 9, 22 ], [ 52, 10, 21 ], [ 52, 12, 20 ], [ 52, 13, 19 ],
  [ 52, 14, 18 ], [ 52, 15, 17 ], [ 52, 17, 16 ], [ 52, 18, 15 ], [ 52, 19, 14 ], [ 52, 20, 13 ], [ 52, 25, 12 ], [ 52, 28, 10 ], [ 52, 29, 9 ], [ 52, 45, 4 ], [ 52, 46, 3 ], [ 52, 51, 2 ], [ 52, 52, 1 ] ]
gap> ko:=Filtered(ko,x->x[2]<>33);
[ [ 52, 36, 8 ], [ 52, 37, 7 ], [ 52, 40, 6 ], [ 52, 41, 5 ] ]


k = 36

gap> ko36:=Filtered(ko,x->x[2]=36);
[ [ 52, 36, 8 ] ]
gap> Filtered(DO,x->x[2]=36);
[ [ 52, 36, 6 ] ]
gap> Filtered(DO,x->x[2]=35);
[ [ 52, 35, 7 ] ]
gap> Filtered(DO,x->x[2]=34);
[ [ 52, 34, 8 ] ]
gap> KO:=Union(KO,[[52,34,8]]);
[ [ 52, 1, 35 ], [ 52, 1, 36 ], [ 52, 1, 37 ], [ 52, 1, 38 ], [ 52, 1, 39 ], [ 52, 1, 40 ], [ 52, 1, 41 ], [ 52, 1, 42 ], [ 52, 1, 43 ], [ 52, 1, 44 ],
  [ 52, 1, 45 ], [ 52, 1, 46 ], [ 52, 1, 47 ], [ 52, 1, 48 ], [ 52, 1, 49 ], [ 52, 1, 50 ], [ 52, 1, 51 ], [ 52, 1, 52 ], [ 52, 2, 30 ], [ 52, 2, 31 ], [ 52, 2, 32 ], [ 52, 2, 33 ], [ 52, 2, 34 ],
  [ 52, 3, 28 ], [ 52, 3, 29 ], [ 52, 4, 27 ], [ 52, 5, 26 ], [ 52, 6, 25 ], [ 52, 8, 24 ], [ 52, 9, 22 ], [ 52, 10, 21 ], [ 52, 12, 20 ], [ 52, 13, 19 ],
  [ 52, 14, 18 ], [ 52, 15, 17 ], [ 52, 17, 16 ], [ 52, 18, 15 ], [ 52, 19, 14 ], [ 52, 20, 13 ], [ 52, 25, 12 ], [ 52, 28, 10 ], [ 52, 29, 9 ], [ 52, 34, 8 ], [ 52, 45, 4 ], [ 52, 46, 3 ], [ 52, 51, 2 ],
  [ 52, 52, 1 ] ]
gap> ko:=Filtered(ko,x->x[2]<>36);
[ [ 52, 37, 7 ], [ 52, 40, 6 ], [ 52, 41, 5 ] ]


k = 37

gap> ko37:=Filtered(ko,x->x[2]=37);
[ [ 52, 37, 7 ] ]
gap> Filtered(DO,x->x[2]=37);
[ [ 52, 37, 6 ] ]
gap> Filtered(DO,x->x[2]=36);
[ [ 52, 36, 6 ] ]
gap> Filtered(DO,x->x[2]=35);
[ [ 52, 35, 7 ] ]
gap> KO:=Union(KO,[[52,35,7]]);
[ [ 52, 1, 35 ], [ 52, 1, 36 ], [ 52, 1, 37 ], [ 52, 1, 38 ], [ 52, 1, 39 ], [ 52, 1, 40 ], [ 52, 1, 41 ], [ 52, 1, 42 ], [ 52, 1, 43 ], [ 52, 1, 44 ],
  [ 52, 1, 45 ], [ 52, 1, 46 ], [ 52, 1, 47 ], [ 52, 1, 48 ], [ 52, 1, 49 ], [ 52, 1, 50 ], [ 52, 1, 51 ], [ 52, 1, 52 ], [ 52, 2, 30 ], [ 52, 2, 31 ], [ 52, 2, 32 ], [ 52, 2, 33 ], [ 52, 2, 34 ],
  [ 52, 3, 28 ], [ 52, 3, 29 ], [ 52, 4, 27 ], [ 52, 5, 26 ], [ 52, 6, 25 ], [ 52, 8, 24 ], [ 52, 9, 22 ], [ 52, 10, 21 ], [ 52, 12, 20 ], [ 52, 13, 19 ],
  [ 52, 14, 18 ], [ 52, 15, 17 ], [ 52, 17, 16 ], [ 52, 18, 15 ], [ 52, 19, 14 ], [ 52, 20, 13 ], [ 52, 25, 12 ], [ 52, 28, 10 ], [ 52, 29, 9 ], [ 52, 34, 8 ], [ 52, 35, 7 ], [ 52, 45, 4 ], [ 52, 46, 3 ],
  [ 52, 51, 2 ], [ 52, 52, 1 ] ]
gap> ko:=Filtered(ko,x->x[2]<>37);
[ [ 52, 40, 6 ], [ 52, 41, 5 ] ]


k = 40

gap> ko40:=Filtered(ko,x->x[2]=40);
[ [ 52, 40, 6 ] ]
gap> Filtered(DO,x->x[2]=40);
[ [ 52, 40, 5 ] ]
gap> Filtered(DO,x->x[2]=39);
[ [ 52, 39, 6 ] ]
gap> KO:=Union(KO,[[52,39,6]]);
[ [ 52, 1, 35 ], [ 52, 1, 36 ], [ 52, 1, 37 ], [ 52, 1, 38 ], [ 52, 1, 39 ], [ 52, 1, 40 ], [ 52, 1, 41 ], [ 52, 1, 42 ], [ 52, 1, 43 ], [ 52, 1, 44 ],
  [ 52, 1, 45 ], [ 52, 1, 46 ], [ 52, 1, 47 ], [ 52, 1, 48 ], [ 52, 1, 49 ], [ 52, 1, 50 ], [ 52, 1, 51 ], [ 52, 1, 52 ], [ 52, 2, 30 ], [ 52, 2, 31 ], [ 52, 2, 32 ], [ 52, 2, 33 ], [ 52, 2, 34 ],
  [ 52, 3, 28 ], [ 52, 3, 29 ], [ 52, 4, 27 ], [ 52, 5, 26 ], [ 52, 6, 25 ], [ 52, 8, 24 ], [ 52, 9, 22 ], [ 52, 10, 21 ], [ 52, 12, 20 ], [ 52, 13, 19 ],
  [ 52, 14, 18 ], [ 52, 15, 17 ], [ 52, 17, 16 ], [ 52, 18, 15 ], [ 52, 19, 14 ], [ 52, 20, 13 ], [ 52, 25, 12 ], [ 52, 28, 10 ], [ 52, 29, 9 ], [ 52, 34, 8 ], [ 52, 35, 7 ], [ 52, 39, 6 ], [ 52, 45, 4 ],
  [ 52, 46, 3 ], [ 52, 51, 2 ], [ 52, 52, 1 ] ]
gap> ko:=Filtered(ko,x->x[2]<>40);
[ [ 52, 41, 5 ] ]


k = 41

gap> ko41:=Filtered(ko,x->x[2]=41);
[ [ 52, 41, 5 ] ]
gap> Filtered(DO,x->x[2]=41);
[ [ 52, 41, 4 ] ]
gap> Filtered(DO,x->x[2]=40);
[ [ 52, 40, 5 ] ]
gap> KO:=Union(KO,[[52,40,5]]);
[ [ 52, 1, 35 ], [ 52, 1, 36 ], [ 52, 1, 37 ], [ 52, 1, 38 ], [ 52, 1, 39 ], [ 52, 1, 40 ], [ 52, 1, 41 ], [ 52, 1, 42 ], [ 52, 1, 43 ], [ 52, 1, 44 ],
  [ 52, 1, 45 ], [ 52, 1, 46 ], [ 52, 1, 47 ], [ 52, 1, 48 ], [ 52, 1, 49 ], [ 52, 1, 50 ], [ 52, 1, 51 ], [ 52, 1, 52 ], [ 52, 2, 30 ], [ 52, 2, 31 ], [ 52, 2, 32 ], [ 52, 2, 33 ], [ 52, 2, 34 ],
  [ 52, 3, 28 ], [ 52, 3, 29 ], [ 52, 4, 27 ], [ 52, 5, 26 ], [ 52, 6, 25 ], [ 52, 8, 24 ], [ 52, 9, 22 ], [ 52, 10, 21 ], [ 52, 12, 20 ], [ 52, 13, 19 ],
  [ 52, 14, 18 ], [ 52, 15, 17 ], [ 52, 17, 16 ], [ 52, 18, 15 ], [ 52, 19, 14 ], [ 52, 20, 13 ], [ 52, 25, 12 ], [ 52, 28, 10 ], [ 52, 29, 9 ], [ 52, 34, 8 ], [ 52, 35, 7 ], [ 52, 39, 6 ], [ 52, 40, 5 ],
  [ 52, 45, 4 ], [ 52, 46, 3 ], [ 52, 51, 2 ], [ 52, 52, 1 ] ]
gap> ko:=Filtered(ko,x->x[2]<>41);
[  ]

n-optimalni

gap> no:=Intersection(DO,KO); # (TEOREM 3)
[ [ 52, 1, 52 ], [ 52, 2, 34 ], [ 52, 3, 29 ], [ 52, 4, 27 ], [ 52, 5, 26 ], [ 52, 6, 25 ], [ 52, 8, 24 ], [ 52, 9, 22 ], [ 52, 10, 21 ], [ 52, 12, 20 ],
  [ 52, 13, 19 ], [ 52, 14, 18 ], [ 52, 15, 17 ], [ 52, 17, 16 ], [ 52, 18, 15 ], [ 52, 19, 14 ], [ 52, 20, 13 ], [ 52, 25, 12 ], [ 52, 28, 10 ], [ 52, 29, 9 ], [ 52, 34, 8 ], [ 52, 35, 7 ], [ 52, 39, 6 ],
  [ 52, 40, 5 ], [ 52, 45, 4 ], [ 52, 46, 3 ], [ 52, 51, 2 ], [ 52, 52, 1 ] ]
gap> NO:=Filtered(no,x->x[2]=52 or x[3]=52);
[ [ 52, 1, 52 ], [ 52, 52, 1 ] ]
gap> no:=Difference(no,NO);
[ [ 52, 2, 34 ], [ 52, 3, 29 ], [ 52, 4, 27 ], [ 52, 5, 26 ], [ 52, 6, 25 ], [ 52, 8, 24 ], [ 52, 9, 22 ], [ 52, 10, 21 ], [ 52, 12, 20 ], [ 52, 13, 19 ],
  [ 52, 14, 18 ], [ 52, 15, 17 ], [ 52, 17, 16 ], [ 52, 18, 15 ], [ 52, 19, 14 ], [ 52, 20, 13 ], [ 52, 25, 12 ], [ 52, 28, 10 ], [ 52, 29, 9 ], [ 52, 34, 8 ], [ 52, 35, 7 ], [ 52, 39, 6 ], [ 52, 40, 5 ],
  [ 52, 45, 4 ], [ 52, 46, 3 ], [ 52, 51, 2 ] ]
gap> kno:=List(no,x->x[2]); # k-ovi koji se pojavljuju u no
[ 2, 3, 4, 5, 6, 8, 9, 10, 12, 13, 14, 15, 17, 18, 19, 20, 25, 28, 29, 34, 35, 39, 40, 45, 46, 51 ]
gap> nu:=List(kno,k->[51,k,BoundsMinimumDistance(51,k,GF(2)).lowerBound]);
[ [ 51, 2, 34 ], [ 51, 3, 28 ], [ 51, 4, 26 ], [ 51, 5, 25 ], [ 51, 6, 24 ], [ 51, 8, 24 ], [ 51, 9, 21 ], [ 51, 10, 20 ], [ 51, 12, 19 ], [ 51, 13, 18 ],
  [ 51, 14, 17 ], [ 51, 15, 16 ], [ 51, 17, 16 ], [ 51, 18, 14 ], [ 51, 19, 14 ], [ 51, 20, 12 ], [ 51, 25, 11 ], [ 51, 28, 9 ], [ 51, 29, 8 ], [ 51, 34, 7 ], [ 51, 35, 6 ], [ 51, 39, 5 ], [ 51, 40, 4 ],
  [ 51, 45, 3 ], [ 51, 46, 2 ], [ 51, 51, 1 ] ]
gap> no:=Difference(no,List(nu,x->[x[1]+1,x[2],x[3]]));
[ [ 52, 3, 29 ], [ 52, 4, 27 ], [ 52, 5, 26 ], [ 52, 6, 25 ], [ 52, 9, 22 ], [ 52, 10, 21 ], [ 52, 12, 20 ], [ 52, 13, 19 ], [ 52, 14, 18 ], [ 52, 15, 17 ],
  [ 52, 18, 15 ], [ 52, 20, 13 ], [ 52, 25, 12 ], [ 52, 28, 10 ], [ 52, 29, 9 ], [ 52, 34, 8 ], [ 52, 35, 7 ], [ 52, 39, 6 ], [ 52, 40, 5 ], [ 52, 45, 4 ], [ 52, 46, 3 ], [ 52, 51, 2 ] ]
gap> NO:=Union(NO,no);
[ [ 52, 1, 52 ], [ 52, 3, 29 ], [ 52, 4, 27 ], [ 52, 5, 26 ], [ 52, 6, 25 ], [ 52, 9, 22 ], [ 52, 10, 21 ], [ 52, 12, 20 ], [ 52, 13, 19 ], [ 52, 14, 18 ],
  [ 52, 15, 17 ], [ 52, 18, 15 ], [ 52, 20, 13 ], [ 52, 25, 12 ], [ 52, 28, 10 ], [ 52, 29, 9 ], [ 52, 34, 8 ], [ 52, 35, 7 ], [ 52, 39, 6 ], [ 52, 40, 5 ], [ 52, 45, 4 ], [ 52, 46, 3 ], [ 52, 51, 2 ],
  [ 52, 52, 1 ] ]

optimalni

gap> # jedino oni koji su u NO, mogu biti u O (prvi uvjet u definiciji)
gap> kNO:=List(NO,x->x[2]);
[ 1, 3, 4, 5, 6, 9, 10, 12, 13, 14, 15, 18, 20, 25, 28, 29, 34, 35, 39, 40, 45, 46, 51, 52 ]
gap> # drugi uvjet: iz NO izbacujemo one za koje postoji [n+1,k,d+1] kod
gap> pr:=List(kNO,k->[53,k,BoundsMinimumDistance(53,k,GF(2)).lowerBound]);
[ [ 53, 1, 53 ], [ 53, 3, 30 ], [ 53, 4, 28 ], [ 53, 5, 26 ], [ 53, 6, 26 ], [ 53, 9, 22 ], [ 53, 10, 22 ], [ 53, 12, 20 ], [ 53, 13, 20 ], [ 53, 14, 19 ],
  [ 53, 15, 18 ], [ 53, 18, 16 ], [ 53, 20, 14 ], [ 53, 25, 12 ], [ 53, 28, 10 ], [ 53, 29, 10 ], [ 53, 34, 8 ], [ 53, 35, 8 ], [ 53, 39, 6 ], [ 53, 40, 6 ], [ 53, 45, 4 ], [ 53, 46, 4 ], [ 53, 51, 2 ],
  [ 53, 52, 2 ] ]
gap> O:=Difference(NO,List(pr,x->[x[1]-1,x[2],x[3]-1]));
[ [ 52, 5, 26 ], [ 52, 9, 22 ], [ 52, 12, 20 ], [ 52, 25, 12 ], [ 52, 28, 10 ], [ 52, 34, 8 ], [ 52, 39, 6 ], [ 52, 45, 4 ], [ 52, 51, 2 ] ]
gap> kO:=List(O,x->x[2]);
[ 5, 9, 12, 25, 28, 34, 39, 45, 51 ]
gap> # treci uvjet: iz O izbacujemo one za koje postoji [n+1,k+1,d] kod
gap> pr:=List(kNO,k->[53,k+1,BoundsMinimumDistance(53,k+1,GF(2)).lowerBound]);
[ [ 53, 2, 35 ], [ 53, 4, 28 ], [ 53, 5, 26 ], [ 53, 6, 26 ], [ 53, 7, 24 ], [ 53, 10, 22 ], [ 53, 11, 20 ], [ 53, 13, 20 ], [ 53, 14, 19 ], [ 53, 15, 18 ],
  [ 53, 16, 17 ], [ 53, 19, 15 ], [ 53, 21, 13 ], [ 53, 26, 11 ], [ 53, 29, 10 ], [ 53, 30, 9 ], [ 53, 35, 8 ], [ 53, 36, 7 ], [ 53, 40, 6 ], [ 53, 41, 5 ], [ 53, 46, 4 ], [ 53, 47, 3 ], [ 53, 52, 2 ],
  [ 53, 53, 1 ] ]
gap> O:=Difference(O,List(pr,x->[x[1]-1,x[2]-1,x[3]]));
[ [ 52, 25, 12 ] ]


RJEŠENJA

PROB:=Union(List(pr,k->List([BoundsMinimumDistance(52,k,GF(2)).lowerBound+1..BoundsMinimumDistance(52,k,GF(2)).upperBound],d->[52,k,d])));
[ [ 52, 10, 22 ], [ 52, 11, 21 ], [ 52, 13, 20 ], [ 52, 14, 19 ], [ 52, 15, 18 ], [ 52, 16, 17 ], [ 52, 16, 18 ], [ 52, 17, 17 ], [ 52, 17, 18 ], [ 52, 18, 16 ],
  [ 52, 19, 15 ], [ 52, 19, 16 ], [ 52, 20, 14 ], [ 52, 20, 15 ], [ 52, 20, 16 ], [ 52, 21, 13 ], [ 52, 21, 14 ], [ 52, 21, 15 ], [ 52, 22, 13 ], [ 52, 22, 14 ], [ 52, 23, 13 ], [ 52, 23, 14 ],
  [ 52, 24, 13 ], [ 52, 24, 14 ], [ 52, 25, 13 ], [ 52, 26, 11 ], [ 52, 26, 12 ], [ 52, 27, 11 ], [ 52, 27, 12 ], [ 52, 28, 11 ], [ 52, 28, 12 ], [ 52, 29, 10 ],
  [ 52, 29, 11 ], [ 52, 30, 9 ], [ 52, 30, 10 ], [ 52, 31, 9 ], [ 52, 31, 10 ], [ 52, 32, 9 ], [ 52, 35, 8 ], [ 52, 36, 7 ], [ 52, 36, 8 ], [ 52, 37, 7 ], [ 52, 40, 6 ], [ 52, 41, 5 ] ]

d-optimalni
[ [ 52, 1, 52 ], [ 52, 2, 34 ], [ 52, 3, 29 ], [ 52, 4, 27 ], [ 52, 5, 26 ], [ 52, 6, 25 ], [ 52, 7, 24 ], [ 52, 8, 24 ], [ 52, 9, 22 ], [ 52, 10, 21 ],
  [ 52, 11, 20 ], [ 52, 12, 20 ], [ 52, 13, 19 ], [ 52, 14, 18 ], [ 52, 15, 17 ], [ 52, 16, 16 ], [ 52, 17, 16 ], [ 52, 18, 15 ], [ 52, 19, 14 ], [ 52, 20, 13 ], [ 52, 21, 12 ], [ 52, 22, 12 ],
  [ 52, 23, 12 ], [ 52, 24, 12 ], [ 52, 25, 12 ], [ 52, 26, 10 ], [ 52, 27, 10 ], [ 52, 28, 10 ], [ 52, 29, 9 ], [ 52, 30, 8 ], [ 52, 31, 8 ],
  [ 52, 32, 8 ], [ 52, 33, 8 ], [ 52, 34, 8 ], [ 52, 35, 7 ], [ 52, 36, 6 ], [ 52, 37, 6 ], [ 52, 38, 6 ], [ 52, 39, 6 ], [ 52, 40, 5 ], [ 52, 41, 4 ], [ 52, 42, 4 ], [ 52, 43, 4 ], [ 52, 44, 4 ],
  [ 52, 45, 4 ], [ 52, 46, 3 ], [ 52, 47, 2 ], [ 52, 48, 2 ], [ 52, 49, 2 ], [ 52, 50, 2 ], [ 52, 51, 2 ], [ 52, 52, 1 ] ]

k-optimalni
[ [ 52, 1, 35 ], [ 52, 1, 36 ], [ 52, 1, 37 ], [ 52, 1, 38 ], [ 52, 1, 39 ], [ 52, 1, 40 ], [ 52, 1, 41 ], [ 52, 1, 42 ], [ 52, 1, 43 ], [ 52, 1, 44 ],
  [ 52, 1, 45 ], [ 52, 1, 46 ], [ 52, 1, 47 ], [ 52, 1, 48 ], [ 52, 1, 49 ], [ 52, 1, 50 ], [ 52, 1, 51 ], [ 52, 1, 52 ], [ 52, 2, 30 ], [ 52, 2, 31 ], [ 52, 2, 32 ], [ 52, 2, 33 ], [ 52, 2, 34 ],
  [ 52, 3, 28 ], [ 52, 3, 29 ], [ 52, 4, 27 ], [ 52, 5, 26 ], [ 52, 6, 25 ], [ 52, 8, 24 ], [ 52, 9, 22 ], [ 52, 10, 21 ], [ 52, 12, 20 ], [ 52, 13, 19 ],
  [ 52, 14, 18 ], [ 52, 15, 17 ], [ 52, 17, 16 ], [ 52, 18, 15 ], [ 52, 19, 14 ], [ 52, 20, 13 ], [ 52, 25, 12 ], [ 52, 28, 10 ], [ 52, 29, 9 ], [ 52, 34, 8 ], [ 52, 35, 7 ], [ 52, 39, 6 ], [ 52, 40, 5 ],
  [ 52, 45, 4 ], [ 52, 46, 3 ], [ 52, 51, 2 ], [ 52, 52, 1 ] ]

n-optimalni
[ [ 52, 1, 52 ], [ 52, 3, 29 ], [ 52, 4, 27 ], [ 52, 5, 26 ], [ 52, 6, 25 ], [ 52, 9, 22 ], [ 52, 10, 21 ], [ 52, 12, 20 ], [ 52, 13, 19 ], [ 52, 14, 18 ],
  [ 52, 15, 17 ], [ 52, 18, 15 ], [ 52, 20, 13 ], [ 52, 25, 12 ], [ 52, 28, 10 ], [ 52, 29, 9 ], [ 52, 34, 8 ], [ 52, 35, 7 ], [ 52, 39, 6 ], [ 52, 40, 5 ], [ 52, 45, 4 ], [ 52, 46, 3 ], [ 52, 51, 2 ],
  [ 52, 52, 1 ] ]

optimalni
[ [ 52, 25, 12 ] ]

